777777777777777777777777777777777777777777777777
777777777777777777777777777777777777777777777777
777777777777777777777777777777777777777777777777
777777777777777777777777777777777777777777777777
777777777777777777777777777777777777777777777777
777777777777770077777777777777777777777777777777
777700770770070407777777777777777777777777777777
777704004004404400777777777777777777777777777777
777704444444044404007777777777777777777777777777
777704444440440040407777777777777777777077777777
777704444444417044407777777777777777770407777777
777770444444017444440777777777777777770440777777
777770444444417444440777777777777777770440777777
777770400444444444440777777777777777777044077777
777777044040444444444077777777777777777044077777
777777044004040444444077777777777777777704077777
777777704444004044444077777777777777777704407777
777777770044444444444407777777777777777704407777
777770077700044440444440777777777777777704440777
777707700007700000444407777777777777777770440777
777770444440777030444407777077777777777770440777
777700444444000304444440000107777777777770440777
777074000444440100444444444407770777077704440777
777704444004403304440444444440701070100044440777
777077444440000044404444444444001100444444440777
777700444444444444044444444444444444444444407777
777707044444441440444444044444444444444444077777
777770700444111000444444044444444444444400777777
777777777004011031044440044444444444440077777777
777777777770000031300440114444444440007777777777
777777777777777703133001144444444007777777777777
777777777777777770031301144444440777777777777777
777777777777777777700300444444407777777777777777
777777777777777777704000444444077777777777777777
777777777777777777704440044444077777777777777777
777777777777777700044440704444077777777777777777
777777777777777044744440704444077777777777777777
777777777777777070770007704444077777777777777777
777777777777777707007777004444407777777777777777
777777777777777777777700444444407777777777777777
777777777777777777777044444404407777777777777777
777777777777777777777070777070007777777777777777
777777777777777777777707000777777777777777777777
777777777777777777777777777777777777777777777777
777777777777777777777777777777777777777777777777
777777777777777777777777777777777777777777777777
777777777777777777777777777777777777777777777777
777777777777777777777777777777777777777777777777
