77777777777777777777777777770000
77777777777777777777777777003300
77777777777777777777777770377030
77777777777777777777777703770330
77777777777777777777777037703307
77777777777777777777770377033307
77777777777777777777703770333077
77777777777777777777037703330777
77777777777777777770337033307777
77777777777777777703370333077777
77777777777777777033703330777777
77777777777777770333033307777777
77777777777777703330333077777777
77777777777777033303330777777777
77777770007770333033307777777777
77777704207703370330077777777777
77777702407033703300777777777777
77777704200337033007777777777777
77777702400000333077777777777777
77777704206660330777777777777777
77777702406260307777777777777777
77777700006660077777777777777777
77777770000000000077777777777777
77777705100424242077777777777777
77777051100242424077777777777777
77770510070000000777777777777777
77705110777777777777777777777777
70051107777777777777777777777777
05510077777777777777777777777777
01110777777777777777777777777777
00100777777777777777777777777777
00007777777777777777777777777777
